1|,2|,3|,5||,5||
0,0,3|,2|,1|,2||,3||
0,0,1|,2|,3|,7||,1+||
0.,1+|,7,1+||,7||,5||,6||
0|,5.,1|,2|,3|,5||,5||
0,0,3|,2|,1|,2||,1||
0,0,1|,2|,3|,5||,1||
0,0,1|,1|,7-|,6-||,7-||
1,0,0,1||,3|,3||
0,0,3|,2|,1|,2|
0|,3.,0,1||,3|,3||
0,0,4|,3|,5.|,1||
0,0,0,1||,3|,3||
0,0,4|,3|,1|,5-||
0|,3.,0,1||,3|,2||
0,1||,3|,2||,0,1||,3|,2||
0,2,7-,1||,3|,3||
0,0,3|,2|,1|,2|
0||,5.,0,1||,3|,3||
0,0,4|,3|,5|,1|
0,0,0,1||,4|,4||
0,0,4|,3|,1|,5|
0|,3,1+|,0,0
5|,4|,4|,1|,1|,0|,7-|,1
0,0,1|,2|,3|,5||,5||
0,0,3|,2|,1|,2||,2||
0,0,1|,2|,3|,7||,1+||
0.,1+|,7|,6||,0||,5|,6||,6||
0||,0..,1|,2|,3|,5||,5||
0,0,3|,2|,1|,2||,1||
0,0,1|,2|,3|,5|
5|,4|,4|,3|,1+,3|,3|
0,0,1|,2|,3|,5||,5||
0,0,3|,2|,1|,2||,2||
0,0,1|,2|,3|,7||,1+||
0.,1+.,7|,6||,0||,5|,6||,6||
0||,0..,1|,2|,3|,5||,5||
0,0,3|,2|,1|,2||,1||
0,0,1|,2|,3|,5||,1||
0,0,1|,7-|,6-|,7-||,1||