2.|,2||,2|3|,2|1|,5-|1|
1|0,6-||0||,3-.0|
2.|2||,2|3|,2|1|,5-|1|
1|0,1||0||,6-,6-|1|
3|2|,2|1||0||,2,6-|1|
3|2|,2|1|,2
0,0,0,0
2.|,2||,2|3|,2|1|,5-|1|
1|0,6-||0||,3-.0|
2.|2||,2|3|,2|1|,5-|1|
1|0,1||0||,6-,6-|1|
3|2|,2|1||0||,2,6-|1|
3|2|,2|1|,2
0,0,0,0
3,3||0||0|
1,0,1|2|,1|7-|
6-,0,1|2|,1|7-|
6-,0,7-,1
2,0,3,3||0||0|
1,0,1|2|,1|7-|
6-,0,1|2|,1|7-|
6-,0,7-,1
2,0,1,7-
1,0,0,0
0,0,0,0
2.|,2||,2|3|,2|1|,5-|1|
1|0,6-||0||,3-.0|
2.|2||,2|3|,2|1|,5-|1|
1|0,1||0||,6-,6-|1|
3|2|,2|1||0||,2,6-|1|
3|2|,2|1|,2
0,0,0,0
3,3||0||0|
1,0,1|2|,1|7-|
6-,0,1|2|,1|7-|
6-,0,7-,1
2,0,3,3||0||0|
1,0,1|2|,1|7-|
6-,0,1|2|,1|7-|
6-,0,7-,1
2,0,1,7-
1,0,0,0